coors = cell(1,8);  % x,y;  

% 4 outer walls
coors{1} = [0  0  0.2  0.2;0  9  9  0];
coors{2} = [0  0  9  9;9  9.2   9.2   9];
coors{3} = [9  9.2  9.2  9;9.2  9.2  0.2  0.2];
coors{4} = [0.2  0.2  9.2  9.2;0  0.2  0.2  0];

% 4 inner walls
coors{5} = [4.5  4.5  4.7  4.7;0.2  3.2  3.2  0.2];
coors{6} = [0.2  0.2  3.2  3.2;4.5  4.7  4.7  4.5];
coors{7} = [4.5  4.5  4.7  4.7;6  9  9  6];
coors{8} =  [6  6  9  9;4.5  4.7  4.7  4.5];

